27508 2 7 -80 0
27722 3 7 -80 0
27936 4 7 -80 0
28150 5 7 -80 37
28363 6 7 -80 37
28577 7 7 -80 37
28792 8 7 -80 37
29006 9 7 -80 80
29219 10 7 -80 80
29433 11 7 -80 80
29647 12 7 -80 80
29862 13 7 -80 80
30075 14 7 -80 86
30290 15 7 -80 86
30512 16 7 -80 86
30727 17 7 -80 86
30942 18 7 -80 86
31156 19 7 -80 80
31370 20 7 -80 80
31584 21 7 -80 80
31797 22 7 -80 80
32012 23 7 -80 86
32226 24 7 -80 86
32447 26 7 -80 86
32660 27 7 -80 86
32869 28 7 -80 86
33078 29 7 -80 68
33287 30 7 -80 68
33496 31 7 -80 68
33705 32 7 -80 68
33914 33 7 -80 68
34123 34 7 -80 0
34332 35 7 -80 0
34546 1 8 -80 0
34768 2 8 -80 0
34982 3 8 -80 0
35196 4 8 -80 24
35409 5 8 -80 24
35623 6 8 -80 24
35838 7 8 -80 24
36051 8 8 -80 80
36266 9 8 -80 80
36480 10 8 -80 80
36693 11 8 -80 80
36907 12 8 -80 80
37122 13 8 -80 80
37336 14 8 -80 80
37549 15 8 -80 80
37763 16 8 -80 80
37978 17 8 -80 80
38192 18 8 -80 86
38405 19 8 -80 86
38619 20 8 -80 86
38833 21 8 -80 86
39048 22 8 -80 86
39262 23 8 -80 86
39476 24 8 -80 86
39689 25 8 -80 86
39904 26 8 -80 86
40117 27 8 -80 80
40331 28 8 -80 80
40553 30 8 -80 80
40766 31 8 -80 80
40975 32 8 -80 80
41184 33 8 -80 74
41393 34 8 -80 74
41602 35 8 -80 74
41811 36 8 -80 74
42020 37 8 -80 0
42229 38 8 -80 0
42446 39 8 -80 0
42660 1 9 -80 0






38314 1 7 -80 0
38529 2 7 -80 0
38744 3 7 -80 0
38958 4 7 -80 0
39172 5 7 -80 18
39387 6 7 -80 18
39602 7 7 -80 18
39817 8 7 -80 18
40031 9 7 -80 37
40246 10 7 -80 37
40461 11 7 -80 37
40676 12 7 -80 37
40891 13 7 -80 37
41106 14 7 -80 36
41321 15 7 -80 36
41544 16 7 -80 36
41759 17 7 -80 36
41974 18 7 -80 36
42189 19 7 -80 37
42412 21 7 -80 37
42626 22 7 -80 37
42835 23 7 -80 37
43044 24 7 -80 24
43253 25 7 -80 24
43462 26 7 -80 24
43671 27 7 -80 24
43880 28 7 -80 24
44089 29 7 -80 0
44298 30 7 -80 0
44512 1 8 -80 0
44726 2 8 -80 0
44940 3 8 -80 0
45154 4 8 -80 12
45369 5 8 -80 12
45584 6 8 -80 12
45806 7 8 -80 12
46021 8 8 -80 37
46236 9 8 -80 37
46452 10 8 -80 37
46667 11 8 -80 37
46882 12 8 -80 37
47097 13 8 -80 37
47312 14 8 -80 37
47527 15 8 -80 37
47742 16 8 -80 37
47957 17 8 -80 37
48172 18 8 -80 37
48397 20 8 -80 37
48610 21 8 -80 37
48819 22 8 -80 37
49028 23 8 -80 30
49237 24 8 -80 30
49446 25 8 -80 30
49655 26 8 -80 30
49864 27 8 -80 30
50073 28 8 -80 6
50282 29 8 -80 6
50496 1 9 -80 6
50711 2 9 -80 6
50925 3 9 -80 6
51139 4 9 -80 0
51353 5 9 -80 0
51567 6 9 -80 0
51781 7 9 -80 0
51995 8 9 -80 0
52210 9 9 -80 6
52423 10 9 -80 6
52638 11 9 -80 6
52860 13 9 -80 6
53073 14 9 -80 0
53282 15 9 -80 0
53491 16 9 -80 0
53700 17 9 -80 0
53909 18 9 -80 0
54118 19 9 -80 0
54327 20 9 -80 0
54536 21 9 -80 0
54745 22 9 -80 0
54959 1 10 -80 0
55172 2 10 -80 0
55387 3 10 -80 0
55601 4 10 -80 0
55815 5 10 -80 0
56030 6 10 -80 0
56244 7 10 -80 0
56459 8 10 -80 0
56672 9 10 -80 0
56887 10 10 -80 0
57102 11 10 -80 0
57324 13 10 -80 0
57537 14 10 -80 0
57746 15 10 -80 0
57955 16 10 -80 0
58164 17 10 -80 0
58373 18 10 -80 0
58582 19 10 -80 0
58791 20 10 -80 0
59001 21 10 -80 0
59209 22 10 -80 0
59423 1 11 -80 0
59637 2 11 -80 0
59851 3 11 -80 0
60066 4 11 -80 12
60281 5 11 -80 12
60496 6 11 -80 12
60711 7 11 -80 12
60926 8 11 -80 12
61141 9 11 -80 49
61357 10 11 -80 49
61572 11 11 -80 49
61794 12 11 -80 49
62010 13 11 -80 49
62225 14 11 -80 49
62439 15 11 -80 49
62655 16 11 -80 49
62870 17 11 -80 49
63085 18 11 -80 55
63300 19 11 -80 55
63515 20 11 -80 55
63732 21 11 -80 55
63947 22 11 -80 55
64162 23 11 -80 49
64377 24 11 -80 49
64592 25 11 -80 49
64807 26 11 -80 49
65022 27 11 -80 49
65237 28 11 -80 49
65470 30 11 -80 49
65682 31 11 -80 49
65891 32 11 -80 49
66100 33 11 -80 43
66309 34 11 -80 43
66518 35 11 -80 43
66727 36 11 -80 43
66936 37 11 -80 43
67145 38 11 -80 0
67354 39 11 -80 0
67568 1 12 -80 0
67782 2 12 -80 0
67996 3 12 -80 0
68211 4 12 -80 6
68425 5 12 -80 6
68639 6 12 -80 6
68854 7 12 -80 6
69068 8 12 -80 49
69283 9 12 -80 49
69497 10 12 -80 49
69720 11 12 -80 49
69935 12 12 -80 49
70150 13 12 -80 49
70366 14 12 -80 49
70581 15 12 -80 49
70796 16 12 -80 49
71011 17 12 -80 49
71226 18 12 -80 49
71449 20 12 -80 49
71662 21 12 -80 49
71871 22 12 -80 49
72080 23 12 -80 43
72289 24 12 -80 43
72498 25 12 -80 43
72707 26 12 -80 43
72916 27 12 -80 43
73125 28 12 -80 6
73334 29 12 -80 6
73548 1 13 -80 6
73770 2 13 -80 6
73984 3 13 -80 6
74198 4 13 -80 6
74412 5 13 -80 6
74626 6 13 -80 6
74840 7 13 -80 6
75054 8 13 -80 37
75269 9 13 -80 37
75484 10 13 -80 37
75699 11 13 -80 37
75914 12 13 -80 37
76129 13 13 -80 37
76344 14 13 -80 37
76559 15 13 -80 37
76773 16 13 -80 37
76989 17 13 -80 37
77204 18 13 -80 43
77427 19 13 -80 43
77642 20 13 -80 43
77857 21 13 -80 43
78072 22 13 -80 37
78287 23 13 -80 37
78503 24 13 -80 37
78718 25 13 -80 37
78933 26 13 -80 37
79148 27 13 -80 37
79363 28 13 -80 37
79586 30 13 -80 37
79799 31 13 -80 37
80008 32 13 -80 37
80217 33 13 -80 37
80426 34 13 -80 37
80635 35 13 -80 37
80844 36 13 -80 37
81053 37 13 -80 0
81262 38 13 -80 0
81471 39 13 -80 0
81685 1 14 -80 0
81900 2 14 -80 0
82115 3 14 -80 0
82329 4 14 -80 0
82544 5 14 -80 0
82759 6 14 -80 0
82973 7 14 -80 0
83187 8 14 -80 37
83402 9 14 -80 37
83617 10 14 -80 37
83832 11 14 -80 37
84047 12 14 -80 37
84262 13 14 -80 37
84477 14 14 -80 37
84692 15 14 -80 37
84907 16 14 -80 37
85122 17 14 -80 37
85345 18 14 -80 37
85568 20 14 -80 37
85781 21 14 -80 37
85990 22 14 -80 37
86199 23 14 -80 37
86408 24 14 -80 37
86617 25 14 -80 37
86826 26 14 -80 37
87035 27 14 -80 0
87244 28 14 -80 0
87453 29 14 -80 0
87667 1 15 -80 0
87881 2 15 -80 0
88095 3 15 -80 6
88309 4 15 -80 6
88523 5 15 -80 6
88737 6 15 -80 6
88951 7 15 -80 6
89165 8 15 -80 49
89380 9 15 -80 49
89595 10 15 -80 49
89810 11 15 -80 49
90025 12 15 -80 61
90239 13 15 -80 61
90455 14 15 -80 61
90670 15 15 -80 61
90885 16 15 -80 61
91100 17 15 -80 55
91315 18 15 -80 55
91531 19 15 -80 55
91746 20 15 -80 55
91961 21 15 -80 55
92176 22 15 -80 61
92399 24 15 -80 61
92612 25 15 -80 61
92821 26 15 -80 61
93030 27 15 -80 49
93247 28 15 -80 49
93456 29 15 -80 49
93665 30 15 -80 49
93874 31 15 -80 49
94083 32 15 -80 0
94292 33 15 -80 0
94506 1 16 -80 0
94721 2 16 -80 0
94936 3 16 -80 0
95150 4 16 -80 12
95365 5 16 -80 12
95582 6 16 -80 12
95797 7 16 -80 12
96012 8 16 -80 55
96227 9 16 -80 55
96442 10 16 -80 55
96657 11 16 -80 55
96873 12 16 -80 55
97088 13 16 -80 61
97310 14 16 -80 61
97525 15 16 -80 61
97740 16 16 -80 61
97954 17 16 -80 61
98170 18 16 -80 55
98385 19 16 -80 55
98601 20 16 -80 55
98816 21 16 -80 55
99031 22 16 -80 61
99246 23 16 -80 61
99471 25 16 -80 61
99684 26 16 -80 61
99893 27 16 -80 61
100102 28 16 -80 49
100311 29 16 -80 49
100520 30 16 -80 49
100729 31 16 -80 49
100938 32 16 -80 49
101147 33 16 -80 6
101356 34 16 -80 6
101570 1 17 -80 6
101785 2 17 -80 6
102000 3 17 -80 6
102214 4 17 -80 12
102430 5 17 -80 12
102645 6 17 -80 12
102860 7 17 -80 12
103075 8 17 -80 43
103290 9 17 -80 43
103505 10 17 -80 43
103720 11 17 -80 43
103935 12 17 -80 43
104150 13 17 -80 55
104366 14 17 -80 55
104581 15 17 -80 55
104796 16 17 -80 55
105019 17 17 -80 49
105234 18 17 -80 49
105449 19 17 -80 49
105664 20 17 -80 49
105879 21 17 -80 49
106095 22 17 -80 49
106310 23 17 -80 49
106534 25 17 -80 49
106749 26 17 -80 49
106958 27 17 -80 49
107167 28 17 -80 43
107376 29 17 -80 43
107585 30 17 -80 43
107794 31 17 -80 43
108003 32 17 -80 0
108212 33 17 -80 0
108421 34 17 -80 0
108635 1 18 -80 0
108850 2 18 -80 0
109072 3 18 -80 6
109287 4 18 -80 6
109502 5 18 -80 6
109717 6 18 -80 6
109932 7 18 -80 6
110147 8 18 -80 49
110362 9 18 -80 49
110577 10 18 -80 49
110792 11 18 -80 49
111008 12 18 -80 49
111223 13 18 -80 49
111438 14 18 -80 49
111653 15 18 -80 49
111868 16 18 -80 49
112083 17 18 -80 49
112298 18 18 -80 49
112521 20 18 -80 49
112743 21 18 -80 49
112952 22 18 -80 49
113161 23 18 -80 43
113370 24 18 -80 43
113579 25 18 -80 43
113788 26 18 -80 43
113997 27 18 -80 43
114207 28 18 -80 6
114416 29 18 -80 6
114630 1 19 -80 6
114845 2 19 -80 6
115060 3 19 -80 12
115275 4 19 -80 12
115491 5 19 -80 12
115707 6 19 -80 12
115922 7 19 -80 12
116137 8 19 -80 67
116352 9 19 -80 67
116567 10 19 -80 67
116789 11 19 -80 67
117005 12 19 -80 67
117220 13 19 -80 67
117435 14 19 -80 67
117651 15 19 -80 67
117866 16 19 -80 67
118081 17 19 -80 73
118296 18 19 -80 73
118511 19 19 -80 73
118726 20 19 -80 73
118941 21 19 -80 73
119157 22 19 -80 67
119372 23 19 -80 67
119587 24 19 -80 67
119802 25 19 -80 67
120018 26 19 -80 67
120233 27 19 -80 67
120465 29 19 -80 67
120678 30 19 -80 67
120887 31 19 -80 67
121096 32 19 -80 61
121305 33 19 -80 61
121515 34 19 -80 61
121724 35 19 -80 61
121933 36 19 -80 61
122142 37 19 -80 6
122351 38 19 -80 6
122565 1 20 -80 6
122780 2 20 -80 6
122995 3 20 -80 6
123210 4 20 -80 12
123425 5 20 -80 12
123640 6 20 -80 12
123855 7 20 -80 12
124071 8 20 -80 67
124286 9 20 -80 67
124508 10 20 -80 67
124723 11 20 -80 67
124938 12 20 -80 67
125153 13 20 -80 73
125368 14 20 -80 73
125583 15 20 -80 73
125798 16 20 -80 73
126013 17 20 -80 67
126228 18 20 -80 67
126443 19 20 -80 67
126658 20 20 -80 67
126873 21 20 -80 67
127088 22 20 -80 67
127303 23 20 -80 67
127527 25 20 -80 67
127740 26 20 -80 67
127950 27 20 -80 67
128159 28 20 -80 67
128368 29 20 -80 67
128577 30 20 -80 67
128786 31 20 -80 67
128995 32 20 -80 67
129205 33 20 -80 6
129414 34 20 -80 6
129628 1 21 -80 6
129842 2 21 -80 6
130057 3 21 -80 6
130272 4 21 -80 6
130487 5 21 -80 6
130702 6 21 -80 6
130918 7 21 -80 6
131132 8 21 -80 55
131347 9 21 -80 55
131562 10 21 -80 55
131777 11 21 -80 55
131993 12 21 -80 55
132208 13 21 -80 61
132431 14 21 -80 61
132648 15 21 -80 61
132863 16 21 -80 61
133078 17 21 -80 61
133293 18 21 -80 61
133509 19 21 -80 61
133724 20 21 -80 61
133939 21 21 -80 61
134155 22 21 -80 61
134370 23 21 -80 61
134593 25 21 -80 61
134806 26 21 -80 61
135015 27 21 -80 55
135224 28 21 -80 55
135433 29 21 -80 55
135642 30 21 -80 55
135851 31 21 -80 55
136060 32 21 -80 12
136269 33 21 -80 12
136486 34 21 -80 12
136700 1 22 -80 12
136915 2 22 -80 12
137130 3 22 -80 6
137345 4 22 -80 6
137560 5 22 -80 6
137775 6 22 -80 6
137990 7 22 -80 6
138205 8 22 -80 55
138420 9 22 -80 55
138636 10 22 -80 55
138851 11 22 -80 55
139066 12 22 -80 55
139281 13 22 -80 55
139497 14 22 -80 55
139712 15 22 -80 55
139927 16 22 -80 55
140142 17 22 -80 61
140357 18 22 -80 61
140572 19 22 -80 61
140787 20 22 -80 61
141003 21 22 -80 61
141218 22 22 -80 61
141433 23 22 -80 61
141648 24 22 -80 61
141863 25 22 -80 61
142079 26 22 -80 61
142294 27 22 -80 61
142517 29 22 -80 61
142730 30 22 -80 61
142939 31 22 -80 61
143148 32 22 -80 49
143357 33 22 -80 49
143566 34 22 -80 49
143775 35 22 -80 49
143984 36 22 -80 49
144201 37 22 -80 12
144410 38 22 -80 12
144624 1 23 -80 12
144839 2 23 -80 12
145054 3 23 -80 12
145269 4 23 -80 12
145484 5 23 -80 12
145699 6 23 -80 12
145914 7 23 -80 12
146129 8 23 -80 73
146344 9 23 -80 73
146559 10 23 -80 73
146774 11 23 -80 73
146989 12 23 -80 73
147204 13 23 -80 86
147419 14 23 -80 86
147634 15 23 -80 86
147856 16 23 -80 86
148072 17 23 -80 79
148287 18 23 -80 79
148502 19 23 -80 79
148717 20 23 -80 79
148933 21 23 -80 79
149151 22 23 -80 79
149366 23 23 -80 79
149589 25 23 -80 79
149802 26 23 -80 79
150011 27 23 -80 79
150220 28 23 -80 79
150429 29 23 -80 79
150638 30 23 -80 79
150847 31 23 -80 79
151056 32 23 -80 24
151265 33 23 -80 24
151474 34 23 -80 24
151688 1 24 -80 24
151911 2 24 -80 24
152126 3 24 -80 6
152341 4 24 -80 6
152557 5 24 -80 6
152771 6 24 -80 6
152985 7 24 -80 6
153200 8 24 -80 73
153415 9 24 -80 73
153630 10 24 -80 73
153845 11 24 -80 73
154060 12 24 -80 86
154274 13 24 -80 86
154490 14 24 -80 86
154707 15 24 -80 86
154923 16 24 -80 86
155138 17 24 -80 79
155353 18 24 -80 79
155568 19 24 -80 79
155791 20 24 -80 79
156006 21 24 -80 79
156221 22 24 -80 79
156444 24 24 -80 79
156658 25 24 -80 79
156867 26 24 -80 79
157076 27 24 -80 73
157285 28 24 -80 73
157494 29 24 -80 73
157703 30 24 -80 73
157912 31 24 -80 73
158121 32 24 -80 12
158330 33 24 -80 12
158544 1 25 -80 12
158759 2 25 -80 12
158974 3 25 -80 12
159190 4 25 -80 12
159405 5 25 -80 12
159620 6 25 -80 12
159842 7 25 -80 12
160057 8 25 -80 67
160272 9 25 -80 67
160489 10 25 -80 67
160704 11 25 -80 67
160919 12 25 -80 67
161134 13 25 -80 67
161351 14 25 -80 67
161566 15 25 -80 67
161781 16 25 -80 67
161996 17 25 -80 67
162211 18 25 -80 73
162427 19 25 -80 73
162642 20 25 -80 73
162857 21 25 -80 73
163072 22 25 -80 67
163287 23 25 -80 67
163510 24 25 -80 67
163725 25 25 -80 67
163939 26 25 -80 67
164156 27 25 -80 67
164371 28 25 -80 67
164594 30 25 -80 67
164807 31 25 -80 67
165016 32 25 -80 67
165225 33 25 -80 67
165434 34 25 -80 67
165643 35 25 -80 67
165852 36 25 -80 67
166061 37 25 -80 12
166270 38 25 -80 12
166479 39 25 -80 12
166693 1 26 -80 12
166908 2 26 -80 12
167124 3 26 -80 6
167339 4 26 -80 6
167562 5 26 -80 6
167776 6 26 -80 6
167991 7 26 -80 6
168207 8 26 -80 61
168422 9 26 -80 61
168637 10 26 -80 61
168852 11 26 -80 61
169067 12 26 -80 67
169284 13 26 -80 67
169499 14 26 -80 67
169714 15 26 -80 67
169929 16 26 -80 67
170145 17 26 -80 73
170360 18 26 -80 73
170575 19 26 -80 73
170790 20 26 -80 73
171006 21 26 -80 67
171229 22 26 -80 67
171444 23 26 -80 67
171659 24 26 -80 67
171874 25 26 -80 67
172090 26 26 -80 73
172305 27 26 -80 73
172528 29 26 -80 73
172741 30 26 -80 73
172952 31 26 -80 73
173161 32 26 -80 61
173370 33 26 -80 61
173579 34 26 -80 61
173788 35 26 -80 61
173997 36 26 -80 61
174207 37 26 -80 12
174416 38 26 -80 12
174630 1 27 -80 12
174847 2 27 -80 12
175062 3 27 -80 12
175286 4 27 -80 12
175501 5 27 -80 12
175716 6 27 -80 12
175931 7 27 -80 12
176146 8 27 -80 85
176361 9 27 -80 85
176576 10 27 -80 85
176790 11 27 -80 85
177007 12 27 -80 91
177222 13 27 -80 91
177437 14 27 -80 91
177653 15 27 -80 91
177868 16 27 -80 91
178084 17 27 -80 91
178299 18 27 -80 91
178515 19 27 -80 91
178730 20 27 -80 91
178946 21 27 -80 91
179161 22 27 -80 92
179376 23 27 -80 92
179591 24 27 -80 92
179806 25 27 -80 92
180021 26 27 -80 97
180236 27 27 -80 97
180451 28 27 -80 97
180666 29 27 -80 97
180881 30 27 -80 97
181097 31 27 -80 91
181312 32 27 -80 91
181527 33 27 -80 91
181742 34 27 -80 91
181957 35 27 -80 91
182172 36 27 -80 91
182395 38 27 -80 91
182616 39 27 -80 91
182825 40 27 -80 91
183034 41 27 -80 79
183243 42 27 -80 79
183452 43 27 -80 79
183661 44 27 -80 79
183870 45 27 -80 79
184079 46 27 -80 24
184288 47 27 -80 24
184502 1 28 -80 24
184717 2 28 -80 24
184932 3 28 -80 24
185147 4 28 -80 18
185362 5 28 -80 18
185577 6 28 -80 18
185793 7 28 -80 18
186008 8 28 -80 91
186223 9 28 -80 91
186438 10 28 -80 91
186661 11 28 -80 91
186877 12 28 -80 91
187092 13 28 -80 91
187307 14 28 -80 91
187523 15 28 -80 91
187738 16 28 -80 91
187954 17 28 -80 91
188169 18 28 -80 91
188393 20 28 -80 91
188606 21 28 -80 91
188815 22 28 -80 91
189024 23 28 -80 79
189233 24 28 -80 79
189442 25 28 -80 79
189651 26 28 -80 79
189860 27 28 -80 79
190069 28 28 -80 18
190278 29 28 -80 18
190492 1 29 -80 18
190716 2 29 -80 18
190932 3 29 -80 18
191147 4 29 -80 24
191362 5 29 -80 24
191577 6 29 -80 24
191792 7 29 -80 24
192007 8 29 -80 73
192222 9 29 -80 73
192437 10 29 -80 73
192652 11 29 -80 73
192867 12 29 -80 73
193082 13 29 -80 85
193297 14 29 -80 85
193512 15 29 -80 85
193727 16 29 -80 85
193942 17 29 -80 85
194157 18 29 -80 79
194379 19 29 -80 79
194596 20 29 -80 79
194812 21 29 -80 79
195028 22 29 -80 79
195243 23 29 -80 79
195466 25 29 -80 79
195679 26 29 -80 79
195888 27 29 -80 79
196097 28 29 -80 73
196306 29 29 -80 73
196515 30 29 -80 73
196724 31 29 -80 73
196933 32 29 -80 73
197142 33 29 -80 12
197351 34 29 -80 12
197565 1 30 -80 12
197781 2 30 -80 12
197997 3 30 -80 12
198212 4 30 -80 18
198427 5 30 -80 18
198650 6 30 -80 18
198865 7 30 -80 18
199080 8 30 -80 73
199294 9 30 -80 73
199510 10 30 -80 73
199725 11 30 -80 73
199940 12 30 -80 73
200155 13 30 -80 85
200370 14 30 -80 85
200585 15 30 -80 85
200801 16 30 -80 85
201018 17 30 -80 79
201233 18 30 -80 79
201448 19 30 -80 79
201663 20 30 -80 79
201878 21 30 -80 79
202093 22 30 -80 79
202315 23 30 -80 79
202538 25 30 -80 79
202751 26 30 -80 79
202960 27 30 -80 79
203169 28 30 -80 79
203378 29 30 -80 79
203587 30 30 -80 79
203796 31 30 -80 79
204005 32 30 -80 12
204214 33 30 -80 12
204423 34 30 -80 12
204637 1 31 -80 12
204852 2 31 -80 12
205068 3 31 -80 12
205283 4 31 -80 12
205498 5 31 -80 12
205713 6 31 -80 12
205928 7 31 -80 12
206143 8 31 -80 97
206367 9 31 -80 97
206582 10 31 -80 97
206797 11 31 -80 97
207012 12 31 -80 97
207229 13 31 -80 97
207444 14 31 -80 97
207659 15 31 -80 97
207874 16 31 -80 97
208089 17 31 -80 103
208305 18 31 -80 103
208520 19 31 -80 103
208736 20 31 -80 103
208951 21 31 -80 103
209166 22 31 -80 104
209382 23 31 -80 104
209597 24 31 -80 104
209813 25 31 -80 104
210036 26 31 -80 97
210250 27 31 -80 97
210466 28 31 -80 97
210681 29 31 -80 97
210898 30 31 -80 97
211115 31 31 -80 104
211330 32 31 -80 104
211553 34 31 -80 104
211767 35 31 -80 104
211976 36 31 -80 104
212186 37 31 -80 91
212395 38 31 -80 91
212604 39 31 -80 91
212813 40 31 -80 91
213022 41 31 -80 30
213231 42 31 -80 30
213440 43 31 -80 30
213654 1 32 -80 30
213869 2 32 -80 30
214092 3 32 -80 49
214307 4 32 -80 49
214523 5 32 -80 49
214738 6 32 -80 49
214954 7 32 -80 49
215168 8 32 -80 85
215383 9 32 -80 85
215601 10 32 -80 85
215816 11 32 -80 85
216032 12 32 -80 103
216247 13 32 -80 103
216464 14 32 -80 103
216680 15 32 -80 103
216895 16 32 -80 103
217110 17 32 -80 97
217325 18 32 -80 97
217540 19 32 -80 97
217755 20 32 -80 97
217971 21 32 -80 97
218186 22 32 -80 103
218411 24 32 -80 103
218624 25 32 -80 103
218833 26 32 -80 103
219042 27 32 -80 86
219252 28 32 -80 86
219461 29 32 -80 86
219670 30 32 -80 86
219879 31 32 -80 86
220088 32 32 -80 24
220297 33 32 -80 24
220511 1 33 -80 24
220726 2 33 -80 24
220942 3 33 -80 24
221158 4 33 -80 24
221373 5 33 -80 24
221588 6 33 -80 24
221803 7 33 -80 24
222020 8 33 -80 91
222235 9 33 -80 91
222450 10 33 -80 91
222665 11 33 -80 91
222882 12 33 -80 91
223097 13 33 -80 91
223313 14 33 -80 91
223528 15 33 -80 91
223744 16 33 -80 91
223959 17 33 -80 91
224174 18 33 -80 92
224390 19 33 -80 92
224605 20 33 -80 92
224821 21 33 -80 92
225036 22 33 -80 91
225252 23 33 -80 91
225474 24 33 -80 91
225691 25 33 -80 91
225906 26 33 -80 91
226121 27 33 -80 97
226336 28 33 -80 97
226551 29 33 -80 97
226766 30 33 -80 97
226982 31 33 -80 97
227197 32 33 -80 92
227413 33 33 -80 92
227628 34 33 -80 92
227843 35 33 -80 92
228060 36 33 -80 91
228275 37 33 -80 91
228499 39 33 -80 91
228712 40 33 -80 91
228922 41 33 -80 91
229131 42 33 -80 85
229348 43 33 -80 85
229557 44 33 -80 85
229766 45 33 -80 85
229975 46 33 -80 85
230184 47 33 -80 18
230393 48 33 -80 18
230607 1 34 -80 18
230822 2 34 -80 18
231037 3 34 -80 18
231252 4 34 -80 18
231467 5 34 -80 18
231683 6 34 -80 18
231898 7 34 -80 18
232112 8 34 -80 85
232329 9 34 -80 85
232544 10 34 -80 85
232759 11 34 -80 85
232974 12 34 -80 85
233189 13 34 -80 91
233412 14 34 -80 91
233627 15 34 -80 91
233842 16 34 -80 91
234057 17 34 -80 91
234272 18 34 -80 91
234487 19 34 -80 91
234702 20 34 -80 91
234917 21 34 -80 91
235132 22 34 -80 97
235348 23 34 -80 97
235563 24 34 -80 97
235779 25 34 -80 97
235994 26 34 -80 97
236210 27 34 -80 91
236425 28 34 -80 91
236641 29 34 -80 91
236856 30 34 -80 91
237080 31 34 -80 91
237295 32 34 -80 91
237518 34 34 -80 91
237732 35 34 -80 91
237941 36 34 -80 91
238150 37 34 -80 85
238359 38 34 -80 85
238568 39 34 -80 85
238777 40 34 -80 85
238986 41 34 -80 85
239195 42 34 -80 18
239404 43 34 -80 18
239618 1 35 -80 18
239833 2 35 -80 18
240048 3 35 -80 12
240263 4 35 -80 12
240478 5 35 -80 12
240694 6 35 -80 12
240910 7 35 -80 12
241133 8 35 -80 73
241348 9 35 -80 73
241563 10 35 -80 73
241779 11 35 -80 73
241995 12 35 -80 73
242212 13 35 -80 79
242428 14 35 -80 79
242644 15 35 -80 79
242858 16 35 -80 79
243074 17 35 -80 79
243289 18 35 -80 79
243504 19 35 -80 79
243719 20 35 -80 79
243934 21 35 -80 79
244149 22 35 -80 85
244364 23 35 -80 85
244579 24 35 -80 85
244802 25 35 -80 85
245017 26 35 -80 79
245232 27 35 -80 79
245447 28 35 -80 79
245662 29 35 -80 79
245877 30 35 -80 79
246092 31 35 -80 79
246307 32 35 -80 79
246530 34 35 -80 79
246744 35 35 -80 79
246953 36 35 -80 79
247163 37 35 -80 73
247372 38 35 -80 73
247581 39 35 -80 73
247790 40 35 -80 73
247999 41 35 -80 73
248209 42 35 -80 18
248418 43 35 -80 18
248632 1 36 -80 18
248855 2 36 -80 18
249070 3 36 -80 6
249285 4 36 -80 6
249500 5 36 -80 6
249715 6 36 -80 6
249929 7 36 -80 6
250144 8 36 -80 79
250358 9 36 -80 79
250574 10 36 -80 79
250789 11 36 -80 79
251004 12 36 -80 79
251218 13 36 -80 79
251434 14 36 -80 79
251649 15 36 -80 79
251864 16 36 -80 79
252079 17 36 -80 79
252294 18 36 -80 79
252517 20 36 -80 79
252731 21 36 -80 79
252940 22 36 -80 79
253149 23 36 -80 73
253358 24 36 -80 73
253567 25 36 -80 73
253776 26 36 -80 73
253985 27 36 -80 73
254194 28 36 -80 12
254403 29 36 -80 12
254617 1 37 -80 12
254832 2 37 -80 12
255047 3 37 -80 18
255262 4 37 -80 18
255478 5 37 -80 18
255694 6 37 -80 18
255909 7 37 -80 18
256124 8 37 -80 91
256339 9 37 -80 91
256562 10 37 -80 91
256777 11 37 -80 91
256993 12 37 -80 91
257208 13 37 -80 103
257423 14 37 -80 103
257639 15 37 -80 103
257855 16 37 -80 103
258070 17 37 -80 97
258285 18 37 -80 97
258502 19 37 -80 97
258717 20 37 -80 97
258934 21 37 -80 97
259149 22 37 -80 104
259364 23 37 -80 104
259579 24 37 -80 104
259796 25 37 -80 104
260011 26 37 -80 97
260233 27 37 -80 97
260450 28 37 -80 97
260665 29 37 -80 97
260881 30 37 -80 97
261096 31 37 -80 104
261311 32 37 -80 104
261535 34 37 -80 104
261748 35 37 -80 104
261957 36 37 -80 104
262166 37 37 -80 91
262376 38 37 -80 91
262585 39 37 -80 91
262794 40 37 -80 91
263003 41 37 -80 30
263212 42 37 -80 30
263421 43 37 -80 30
263635 1 38 -80 30
263850 2 38 -80 30
264065 3 38 -80 12
264287 4 38 -80 12
264502 5 38 -80 12
264717 6 38 -80 12
264931 7 38 -80 12
265146 8 38 -80 91
265361 9 38 -80 91
265576 10 38 -80 91
265791 11 38 -80 91
266006 12 38 -80 103
266222 13 38 -80 103
266436 14 38 -80 103
266653 15 38 -80 103
266868 16 38 -80 103
267083 17 38 -80 97
267298 18 38 -80 97
267513 19 38 -80 97
267728 20 38 -80 97
267944 21 38 -80 97
268167 22 38 -80 103
268390 24 38 -80 103
268603 25 38 -80 103
268813 26 38 -80 103
269022 27 38 -80 91
269231 28 38 -80 91
269441 29 38 -80 91
269650 30 38 -80 91
269859 31 38 -80 91
270068 32 38 -80 18
270277 33 38 -80 18
270491 1 39 -80 18
270707 2 39 -80 18
270922 3 39 -80 18
271138 4 39 -80 18
271353 5 39 -80 18
271568 6 39 -80 18
271783 7 39 -80 18
271998 8 39 -80 18
272221 9 39 -80 91
272437 10 39 -80 91
272652 11 39 -80 91
272867 12 39 -80 91
273082 13 39 -80 91
273298 14 39 -80 91
273513 15 39 -80 91
273730 16 39 -80 91
273945 17 39 -80 91
274161 18 39 -80 91
274376 19 39 -80 91
274600 21 39 -80 91
274813 22 39 -80 91
275022 23 39 -80 91
275231 24 39 -80 91
275440 25 39 -80 91
275649 26 39 -80 91
275858 27 39 -80 91
276075 28 39 -80 24
276284 29 39 -80 24
276493 30 39 -80 24
276707 1 40 -80 24
276922 2 40 -80 24
277138 3 40 -80 6
277353 4 40 -80 6
277567 5 40 -80 6
277782 6 40 -80 6
277997 7 40 -80 6
278213 8 40 -80 85
278428 9 40 -80 85
278643 10 40 -80 85
278858 11 40 -80 85
279074 12 40 -80 91
279289 13 40 -80 91
279504 14 40 -80 91
279721 15 40 -80 91
279944 16 40 -80 91
280159 17 40 -80 92
280375 18 40 -80 92
280590 19 40 -80 92
280805 20 40 -80 92
281021 21 40 -80 91
281236 22 40 -80 91
281452 23 40 -80 91
281667 24 40 -80 91
281883 25 40 -80 91
282098 26 40 -80 91
282313 27 40 -80 91
282536 29 40 -80 91
282749 30 40 -80 91
282958 31 40 -80 91
283167 32 40 -80 85
283376 33 40 -80 85
283585 34 40 -80 85
283802 35 40 -80 85
284011 36 40 -80 30
284220 37 40 -80 30
284429 38 40 -80 30
284643 1 41 -80 30
284858 2 41 -80 30
285073 3 41 -80 12
285288 4 41 -80 12
285503 5 41 -80 12
285718 6 41 -80 12
285933 7 41 -80 12
286148 8 41 -80 103
286363 9 41 -80 103
286578 10 41 -80 103
286795 11 41 -80 103
287010 12 41 -80 116
287225 13 41 -80 116
287440 14 41 -80 116
287655 15 41 -80 116
287871 16 41 -80 116
288086 17 41 -80 109
288301 18 41 -80 109
288516 19 41 -80 109
288731 20 41 -80 109
288946 21 41 -80 109
289162 22 41 -80 115
289385 24 41 -80 115
289598 25 41 -80 115
289808 26 41 -80 115
290017 27 41 -80 97
290226 28 41 -80 97
290435 29 41 -80 97
290644 30 41 -80 97
290853 31 41 -80 97
291062 32 41 -80 24
291271 33 41 -80 24
291485 1 42 -80 24
291701 2 42 -80 24
291916 3 42 -80 24
292132 4 42 -80 30
292347 5 42 -80 30
292563 6 42 -80 30
292779 7 42 -80 30
292996 8 42 -80 30
293211 9 42 -80 104
293426 10 42 -80 104
293641 11 42 -80 104
293856 12 42 -80 104
294071 13 42 -80 115
294290 14 42 -80 115
294505 15 42 -80 115
294720 16 42 -80 115
294935 17 42 -80 115
295150 18 42 -80 109
295373 19 42 -80 109
295589 20 42 -80 109
295804 21 42 -80 109
296019 22 42 -80 115
296234 23 42 -80 115
296460 25 42 -80 115
296673 26 42 -80 115
296882 27 42 -80 115
297091 28 42 -80 97
297300 29 42 -80 97
297509 30 42 -80 97
297718 31 42 -80 97
297927 32 42 -80 97
298136 33 42 -80 30
298345 34 42 -80 30
298559 1 43 -80 30
298775 2 43 -80 30
298990 3 43 -80 30
299204 4 43 -80 24
299428 5 43 -80 24
299644 6 43 -80 24
299860 7 43 -80 24
300075 8 43 -80 91
300291 9 43 -80 91
300506 10 43 -80 91
300721 11 43 -80 91
300936 12 43 -80 91
301151 13 43 -80 103
301367 14 43 -80 103
301582 15 43 -80 103
301797 16 43 -80 103
302013 17 43 -80 97
302228 18 43 -80 97
302443 19 43 -80 97
302658 20 43 -80 97
302873 21 43 -80 97
303096 22 43 -80 104
303312 23 43 -80 104
303527 24 43 -80 104
303743 25 43 -80 104
303957 26 43 -80 104
304173 27 43 -80 97
304388 28 43 -80 97
304604 29 43 -80 97
304819 30 43 -80 97
305035 31 43 -80 104
305250 32 43 -80 104
305474 34 43 -80 104
305687 35 43 -80 104
305896 36 43 -80 104
306106 37 43 -80 91
306315 38 43 -80 91
306524 39 43 -80 91
306733 40 43 -80 91
306942 41 43 -80 91
307159 42 43 -80 24
307368 43 43 -80 24
307582 1 44 -80 24
307797 2 44 -80 24
308013 3 44 -80 18
308228 4 44 -80 18
308444 5 44 -80 18
308659 6 44 -80 18
308874 7 44 -80 18
309088 8 44 -80 91
309305 9 44 -80 91
309520 10 44 -80 91
309736 11 44 -80 91
309951 12 44 -80 91
310166 13 44 -80 97
310382 14 44 -80 97
310597 15 44 -80 97
310813 16 44 -80 97
311036 17 44 -80 103
311251 18 44 -80 103
311466 19 44 -80 103
311681 20 44 -80 103
311897 21 44 -80 103
312112 22 44 -80 97
312328 23 44 -80 97
312543 24 44 -80 97
312758 25 44 -80 97
312973 26 44 -80 97
313188 27 44 -80 103
313413 29 44 -80 103
313626 30 44 -80 103
313835 31 44 -80 103
314044 32 44 -80 85
314253 33 44 -80 85
314462 34 44 -80 85
314672 35 44 -80 85
314889 36 44 -80 85
315098 37 44 -80 24
315307 38 44 -80 24
315521 1 45 -80 24
315736 2 45 -80 24
315951 3 45 -80 24
316166 4 45 -80 24
316381 5 45 -80 24
316597 6 45 -80 24
316812 7 45 -80 24
317028 8 45 -80 115
317243 9 45 -80 115
317458 10 45 -80 115
317673 11 45 -80 115
317888 12 45 -80 115
318103 13 45 -80 127
318318 14 45 -80 127
318534 15 45 -80 127
318757 16 45 -80 127
318972 17 45 -80 127
319188 18 45 -80 121
319403 19 45 -80 121
319618 20 45 -80 121
319833 21 45 -80 121
320048 22 45 -80 121
320263 23 45 -80 121
320487 25 45 -80 121
320700 26 45 -80 121
320911 27 45 -80 121
321120 28 45 -80 115
321329 29 45 -80 115
321538 30 45 -80 115
321748 31 45 -80 115
321957 32 45 -80 115
322166 33 45 -80 43
322375 34 45 -80 43
322589 1 46 -80 43
322812 2 46 -80 43
323028 3 46 -80 24
323243 4 46 -80 24
323460 5 46 -80 24
323675 6 46 -80 24
323890 7 46 -80 24
324106 8 46 -80 115
324321 9 46 -80 115
324537 10 46 -80 115
324752 11 46 -80 115
324968 12 46 -80 115
325183 13 46 -80 121
325398 14 46 -80 121
325614 15 46 -80 121
325829 16 46 -80 121
326045 17 46 -80 121
326261 18 46 -80 121
326483 19 46 -80 121
326699 20 46 -80 121
326916 21 46 -80 121
327131 22 46 -80 127
327346 23 46 -80 127
327561 24 46 -80 127
327776 25 46 -80 127
327991 26 46 -80 127
328207 27 46 -80 121
328423 28 46 -80 121
328638 29 46 -80 121
328853 30 46 -80 121
329068 31 46 -80 121
329284 32 46 -80 121
329508 34 46 -80 121
329721 35 46 -80 121
329930 36 46 -80 121
330148 37 46 -80 115
330357 38 46 -80 115
330566 39 46 -80 115
330776 40 46 -80 115
330985 41 46 -80 115
331194 42 46 -80 43
331403 43 46 -80 43
331617 1 47 -80 43
331832 2 47 -80 43
332047 3 47 -80 12
332262 4 47 -80 12
332477 5 47 -80 12
332693 6 47 -80 12
332908 7 47 -80 12
333123 8 47 -80 103
333338 9 47 -80 103
333553 10 47 -80 103
333768 11 47 -80 103
333983 12 47 -80 103
334207 13 47 -80 116
334422 14 47 -80 116
334637 15 47 -80 116
334852 16 47 -80 116
335067 17 47 -80 110
335282 18 47 -80 110
335499 19 47 -80 110
335714 20 47 -80 110
335929 21 47 -80 110
336144 22 47 -80 109
336359 23 47 -80 109
336583 25 47 -80 109
336796 26 47 -80 109
337005 27 47 -80 109
337214 28 47 -80 109
337423 29 47 -80 109
337632 30 47 -80 109
337842 31 47 -80 109
338058 32 47 -80 43
338268 33 47 -80 43
338477 34 47 -80 43
338691 1 48 -80 43
338906 2 48 -80 43
339121 3 48 -80 12
339336 4 48 -80 12
339552 5 48 -80 12
339767 6 48 -80 12
339982 7 48 -80 12
340197 8 48 -80 97
340414 9 48 -80 97
340629 10 48 -80 97
340844 11 48 -80 97
341059 12 48 -80 116
341274 13 48 -80 116
341489 14 48 -80 116
341704 15 48 -80 116
341919 16 48 -80 116
342135 17 48 -80 109
342351 18 48 -80 109
342567 19 48 -80 109
342782 20 48 -80 109
342997 21 48 -80 109
343212 22 48 -80 109
343436 24 48 -80 109
343649 25 48 -80 109
343858 26 48 -80 109
344067 27 48 -80 103
344276 28 48 -80 103
344485 29 48 -80 103
344694 30 48 -80 103
344903 31 48 -80 103
345112 32 48 -80 37
345321 33 48 -80 37
345535 1 49 -80 37
345750 2 49 -80 37
345965 3 49 -80 37
346182 4 49 -80 30
346397 5 49 -80 30
346612 6 49 -80 30
346827 7 49 -80 30
347042 8 49 -80 121
347259 9 49 -80 121
347475 10 49 -80 121
347690 11 49 -80 121
347907 12 49 -80 121
348124 13 49 -80 133
348340 14 49 -80 133
348556 15 49 -80 133
348772 16 49 -80 133
348987 17 49 -80 133
349203 18 49 -80 139
349420 19 49 -80 139
349646 20 49 -80 139
349861 21 49 -80 139
350078 22 49 -80 133
350294 23 49 -80 133
350510 24 49 -80 133
350726 25 49 -80 133
350942 26 49 -80 133
351157 27 49 -80 133
351374 28 49 -80 133
351598 30 49 -80 133
351812 31 49 -80 133
352022 32 49 -80 127
352231 33 49 -80 127
352440 34 49 -80 127
352649 35 49 -80 127
352858 36 49 -80 127
353067 37 49 -80 61
353276 38 49 -80 61
353485 39 49 -80 61
353707 1 50 -80 61
353922 2 50 -80 61
354137 3 50 -80 18
354352 4 50 -80 18
354567 5 50 -80 18
354783 6 50 -80 18
354999 7 50 -80 18
355214 8 50 -80 121
355430 9 50 -80 121
355646 10 50 -80 121
355862 11 50 -80 121
356077 12 50 -80 133
356292 13 50 -80 133
356507 14 50 -80 133
356722 15 50 -80 133
356937 16 50 -80 133
357152 17 50 -80 134
357375 18 50 -80 134
357590 19 50 -80 134
357805 20 50 -80 134
358020 21 50 -80 134
358235 22 50 -80 134
358450 23 50 -80 134
358665 24 50 -80 134
358880 25 50 -80 134
359094 26 50 -80 133
359311 27 50 -80 133
359535 29 50 -80 133
359748 30 50 -80 133
359957 31 50 -80 133
360166 32 50 -80 127
360375 33 50 -80 127
360584 34 50 -80 127
360793 35 50 -80 127
361003 36 50 -80 55
361212 37 50 -80 55
361421 38 50 -80 55
361635 1 51 -80 55
361849 2 51 -80 55
362065 3 51 -80 24
362280 4 51 -80 24
362495 5 51 -80 24
362711 6 51 -80 24
362926 7 51 -80 24
363142 8 51 -80 109
363357 9 51 -80 109
363572 10 51 -80 109
363787 11 51 -80 109
364002 12 51 -80 127
364217 13 51 -80 127
364432 14 51 -80 127
364647 15 51 -80 127
364863 16 51 -80 127
365079 17 51 -80 121
365302 18 51 -80 121
365517 19 51 -80 121
365732 20 51 -80 121
365948 21 51 -80 121
366164 22 51 -80 121
366387 24 51 -80 121
366601 25 51 -80 121
366810 26 51 -80 121
367019 27 51 -80 109
367228 28 51 -80 109
367437 29 51 -80 109
367646 30 51 -80 109
367855 31 51 -80 109
368064 32 51 -80 37
368273 33 51 -80 37
368487 1 52 -80 37
368702 2 52 -80 37
368918 3 52 -80 37
369134 4 52 -80 30
369357 5 52 -80 30
369572 6 52 -80 30
369788 7 52 -80 30
370003 8 52 -80 115
370219 9 52 -80 115
370434 10 52 -80 115
370650 11 52 -80 115
370865 12 52 -80 115
371080 13 52 -80 128
371295 14 52 -80 128
371510 15 52 -80 128
371724 16 52 -80 128
371940 17 52 -80 128
372154 18 52 -80 122
372370 19 52 -80 122
372587 20 52 -80 122
372802 21 52 -80 122
373025 22 52 -80 121
373240 23 52 -80 121
373464 25 52 -80 121
373677 26 52 -80 121
373886 27 52 -80 121
374095 28 52 -80 116
374304 29 52 -80 116
374513 30 52 -80 116
374722 31 52 -80 116
374931 32 52 -80 116
375140 33 52 -80 43
375349 34 52 -80 43
375563 1 53 -80 43
375779 2 53 -80 43
375994 3 53 -80 43
376209 4 53 -80 24
376425 5 53 -80 24
376640 6 53 -80 24
376855 7 53 -80 24
377080 8 53 -80 133
377295 9 53 -80 133
377510 10 53 -80 133
377725 11 53 -80 133
377943 12 53 -80 133
378158 13 53 -80 139
378373 14 53 -80 139
378588 15 53 -80 139
378803 16 53 -80 139
379020 17 53 -80 145
379235 18 53 -80 145
379450 19 53 -80 145
379665 20 53 -80 145
379883 21 53 -80 145
380098 22 53 -80 139
380313 23 53 -80 139
380528 24 53 -80 139
380753 25 53 -80 139
380968 26 53 -80 139
381183 27 53 -80 139
381407 29 53 -80 139
381621 30 53 -80 139
381830 31 53 -80 139
382039 32 53 -80 128
382249 33 53 -80 128
382458 34 53 -80 128
382667 35 53 -80 128
382877 36 53 -80 128
383086 37 53 -80 55
383295 38 53 -80 55
383509 1 54 -80 55
383724 2 54 -80 55
383939 3 54 -80 55
384154 4 54 -80 37
384369 5 54 -80 37
384584 6 54 -80 37
384806 7 54 -80 37
385021 8 54 -80 133
385238 9 54 -80 133
385453 10 54 -80 133
385668 11 54 -80 133
385883 12 54 -80 133
386098 13 54 -80 139
386316 14 54 -80 139
386531 15 54 -80 139
386746 16 54 -80 139
386961 17 54 -80 139
387178 18 54 -80 140
387393 19 54 -80 140
387608 20 54 -80 140
387823 21 54 -80 140
388038 22 54 -80 145
388254 23 54 -80 145
388477 24 54 -80 145
388692 25 54 -80 145
388909 26 54 -80 145
389124 27 54 -80 139
389339 28 54 -80 139
389554 29 54 -80 139
389769 30 54 -80 139
389988 31 54 -80 139
390203 32 54 -80 139
390426 34 54 -80 139
390640 35 54 -80 139
390850 36 54 -80 139
391059 37 54 -80 127
391268 38 54 -80 127
391477 39 54 -80 127
391687 40 54 -80 127
391896 41 54 -80 127
392105 42 54 -80 55
392314 43 54 -80 55
392536 1 55 -80 55
392751 2 55 -80 55
392966 3 55 -80 55
393182 4 55 -80 37
393397 5 55 -80 37
393612 6 55 -80 37
393827 7 55 -80 37
394043 8 55 -80 121
394258 9 55 -80 121
394473 10 55 -80 121
394690 11 55 -80 121
394907 12 55 -80 121
395123 13 55 -80 133
395339 14 55 -80 133
395555 15 55 -80 133
395771 16 55 -80 133
395987 17 55 -80 133
396203 18 55 -80 133
396419 19 55 -80 133
396634 20 55 -80 133
396849 21 55 -80 133
397064 22 55 -80 134
397279 23 55 -80 134
397494 24 55 -80 134
397709 25 55 -80 134
397924 26 55 -80 134
398139 27 55 -80 133
398354 28 55 -80 133
398569 29 55 -80 133
398784 30 55 -80 133
399001 31 55 -80 133
399217 32 55 -80 133
399441 34 55 -80 133
399655 35 55 -80 133
399865 36 55 -80 133
400075 37 55 -80 122
400284 38 55 -80 122
400493 39 55 -80 122
400702 40 55 -80 122
400912 41 55 -80 122
401121 42 55 -80 55
401330 43 55 -80 55
401544 1 56 -80 55
401759 2 56 -80 55
401975 3 56 -80 55
402189 4 56 -80 24
402406 5 56 -80 24
402621 6 56 -80 24
402836 7 56 -80 24
403051 8 56 -80 127
403266 9 56 -80 127
403481 10 56 -80 127
403696 11 56 -80 127
403912 12 56 -80 127
404129 13 56 -80 133
404345 14 56 -80 133
404561 15 56 -80 133
404777 16 56 -80 133
404993 17 56 -80 133
405209 18 56 -80 133
405426 19 56 -80 133
405642 20 56 -80 133
405858 21 56 -80 133
406075 22 56 -80 133
406290 23 56 -80 133
406515 25 56 -80 133
406728 26 56 -80 133
406937 27 56 -80 133
407147 28 56 -80 122
407356 29 56 -80 122
407565 30 56 -80 122
407782 31 56 -80 122
407991 32 56 -80 122
408200 33 56 -80 55
408409 34 56 -80 55
408623 1 57 -80 55
408838 2 57 -80 55
409053 3 57 -80 24
409268 4 57 -80 24
409485 5 57 -80 24
409700 6 57 -80 24
409915 7 57 -80 24
410131 8 57 -80 146
410347 9 57 -80 146
410562 10 57 -80 146
410778 11 57 -80 146
410993 12 57 -80 146
411209 13 57 -80 145
411424 14 57 -80 145
411648 15 57 -80 145
411863 16 57 -80 145
412078 17 57 -80 152
412293 18 57 -80 152
412508 19 57 -80 152
412724 20 57 -80 152
412939 21 57 -80 152
413155 22 57 -80 151
413370 23 57 -80 151
413584 24 57 -80 151
413801 25 57 -80 151
414017 26 57 -80 151
414232 27 57 -80 151
414455 29 57 -80 151
414668 30 57 -80 151
414878 31 57 -80 151
415087 32 57 -80 139
415296 33 57 -80 139
415506 34 57 -80 139
415715 35 57 -80 139
415924 36 57 -80 139
416133 37 57 -80 67
416342 38 57 -80 67
416556 1 58 -80 67
416771 2 58 -80 67
416986 3 58 -80 67
417202 4 58 -80 30
417417 5 58 -80 30
417632 6 58 -80 30
417848 7 58 -80 30
418063 8 58 -80 139
418279 9 58 -80 139
418494 10 58 -80 139
418710 11 58 -80 139
418925 12 58 -80 139
419141 13 58 -80 152
419363 14 58 -80 152
419580 15 58 -80 152
419795 16 58 -80 152
420011 17 58 -80 151
420226 18 58 -80 151
420441 19 58 -80 151
420656 20 58 -80 151
420872 21 58 -80 151
421088 22 58 -80 151
421303 23 58 -80 151
421526 25 58 -80 151
421739 26 58 -80 151
421948 27 58 -80 151
422157 28 58 -80 145
422366 29 58 -80 145
422575 30 58 -80 145
422784 31 58 -80 145
422993 32 58 -80 145
423202 33 58 -80 67
423419 34 58 -80 67
423633 1 59 -80 67
423848 2 59 -80 67
424064 3 59 -80 30
424279 4 59 -80 30
424495 5 59 -80 30
424709 6 59 -80 30
424924 7 59 -80 30
425140 8 59 -80 133
425355 9 59 -80 133
425571 10 59 -80 133
425786 11 59 -80 133
426001 12 59 -80 133
426219 13 59 -80 145
426434 14 59 -80 145
426648 15 59 -80 145
426866 16 59 -80 145
427081 17 59 -80 140
427304 18 59 -80 140
427521 19 59 -80 140
427736 20 59 -80 140
427951 21 59 -80 140
428167 22 59 -80 145
428382 23 59 -80 145
428606 25 59 -80 145
428821 26 59 -80 145
429030 27 59 -80 134
429239 28 59 -80 134
429448 29 59 -80 134
429657 30 59 -80 134
429866 31 59 -80 134
430075 32 59 -80 73
430284 33 59 -80 73
430493 34 59 -80 73
430707 1 60 -80 73
430922 2 60 -80 73
431137 3 60 -80 18
431360 4 60 -80 18
431575 5 60 -80 18
431790 6 60 -80 18
432005 7 60 -80 127
432220 8 60 -80 127
432437 9 60 -80 127
432652 10 60 -80 127
432867 11 60 -80 127
433084 12 60 -80 139
433299 13 60 -80 139
433513 14 60 -80 139
433729 15 60 -80 139
433946 16 60 -80 139
434161 17 60 -80 146
434376 18 60 -80 146
434592 19 60 -80 146
434807 20 60 -80 146
435031 21 60 -80 145
435246 22 60 -80 145
435461 23 60 -80 145
435676 24 60 -80 145
435892 25 60 -80 145
436107 26 60 -80 145
436322 27 60 -80 145
436546 29 60 -80 145
436759 30 60 -80 145
436968 31 60 -80 145
437177 32 60 -80 133
437386 33 60 -80 133
437595 34 60 -80 133
437804 35 60 -80 133
438013 36 60 -80 61
438222 37 60 -80 61
438431 38 60 -80 61
438645 1 61 -80 61
438861 2 61 -80 61
439083 3 61 -80 30
439298 4 61 -80 30
439513 5 61 -80 30
439728 6 61 -80 30
439943 7 61 -80 30
440158 8 61 -80 121
440373 9 61 -80 121
440588 10 61 -80 121
440804 11 61 -80 121
441019 12 61 -80 133
441236 13 61 -80 133
441451 14 61 -80 133
441667 15 61 -80 133
441883 16 61 -80 133
442098 17 61 -80 133
442313 18 61 -80 133
442528 19 61 -80 133
442751 20 61 -80 133
442966 21 61 -80 133
443404 24 61 -80 133
443619 25 61 -80 133
443828 26 61 -80 133
444037 27 61 -80 122
444246 28 61 -80 122
444455 29 61 -80 122
444665 30 61 -80 122
444874 31 61 -80 122
445083 32 61 -80 43
445292 33 61 -80 43
445506 1 62 -80 43
445721 2 62 -80 43
445936 3 62 -80 43
446151 4 62 -80 43
446366 5 62 -80 43
446581 6 62 -80 43
446803 7 62 -80 43
447018 8 62 -80 127
447233 9 62 -80 127
447449 10 62 -80 127
447665 11 62 -80 127
447880 12 62 -80 127
448096 13 62 -80 133
448312 14 62 -80 133
448529 15 62 -80 133
448745 16 62 -80 133
448961 17 62 -80 133
449177 18 62 -80 133
449393 19 62 -80 133
449609 20 62 -80 133
449825 21 62 -80 133
450043 22 62 -80 133
450259 23 62 -80 133
450492 25 62 -80 133
450705 26 62 -80 133
450914 27 62 -80 133
451123 28 62 -80 121
451332 29 62 -80 121
451541 30 62 -80 121
451750 31 62 -80 121
451959 32 62 -80 121
452168 33 62 -80 55
452377 34 62 -80 55
452591 1 63 -80 55
452806 2 63 -80 55
453021 3 63 -80 30
453236 4 63 -80 30
453451 5 63 -80 30
453666 6 63 -80 30
453881 7 63 -80 30
454096 8 63 -80 140
454311 9 63 -80 140
454535 10 63 -80 140
454750 11 63 -80 140
454965 12 63 -80 140
455180 13 63 -80 151
455395 14 63 -80 151
455610 15 63 -80 151
455826 16 63 -80 151
456041 17 63 -80 152
456257 18 63 -80 152
456473 19 63 -80 152
456688 20 63 -80 152
456903 21 63 -80 152
457118 22 63 -80 151
457334 23 63 -80 151
457549 24 63 -80 151
457765 25 63 -80 151
457981 26 63 -80 151
458196 27 63 -80 151
458419 29 63 -80 151
458632 30 63 -80 151
458843 31 63 -80 151
459052 32 63 -80 133
459261 33 63 -80 133
459470 34 63 -80 133
459679 35 63 -80 133
459888 36 63 -80 133
460097 37 63 -80 61
460306 38 63 -80 61
460520 1 64 -80 61
460735 2 64 -80 61
460950 3 64 -80 61
461166 4 64 -80 43
461383 5 64 -80 43
461598 6 64 -80 43
461814 7 64 -80 43
462029 8 64 -80 140
462245 9 64 -80 140
462460 10 64 -80 140
462676 11 64 -80 140
462891 12 64 -80 140
463106 13 64 -80 151
463321 14 64 -80 151
463537 15 64 -80 151
463753 16 64 -80 151
463968 17 64 -80 151
464183 18 64 -80 151
464398 19 64 -80 151
464614 20 64 -80 151
464829 21 64 -80 151
465045 22 64 -80 151
465261 23 64 -80 151
465485 25 64 -80 151
465698 26 64 -80 151
465908 27 64 -80 151
466117 28 64 -80 139
466327 29 64 -80 139
466536 30 64 -80 139
466745 31 64 -80 139
466954 32 64 -80 139
467163 33 64 -80 67
467372 34 64 -80 67
467588 1 65 -80 67
467803 2 65 -80 67
468019 3 65 -80 30
468233 4 65 -80 30
468448 5 65 -80 30
468663 6 65 -80 30
468879 7 65 -80 30
469093 8 65 -80 133
469309 9 65 -80 133
469524 10 65 -80 133
469741 11 65 -80 133
469956 12 65 -80 133
470171 13 65 -80 140
470386 14 65 -80 140
470603 15 65 -80 140
470818 16 65 -80 140
471033 17 65 -80 145
471248 18 65 -80 145
471465 19 65 -80 145
471679 20 65 -80 145
471894 21 65 -80 145
472110 22 65 -80 139
472326 23 65 -80 139
472542 24 65 -80 139
472757 25 65 -80 139
472972 26 65 -80 139
473187 27 65 -80 145
473411 29 65 -80 145
473632 30 65 -80 145
473841 31 65 -80 145
474050 32 65 -80 128
474259 33 65 -80 128
474468 34 65 -80 128
474677 35 65 -80 128
474886 36 65 -80 128
475095 37 65 -80 55
475304 38 65 -80 55
475518 1 66 -80 55
475733 2 66 -80 55
475948 3 66 -80 55
476163 4 66 -80 30
476379 5 66 -80 30
476594 6 66 -80 30
476809 7 66 -80 30
477026 8 66 -80 134
477241 9 66 -80 134
477456 10 66 -80 134
477678 11 66 -80 134
477896 12 66 -80 134
478111 13 66 -80 139
478326 14 66 -80 139
478541 15 66 -80 139
478756 16 66 -80 139
478973 17 66 -80 139
479188 18 66 -80 145
479403 19 66 -80 145
479618 20 66 -80 145
479833 21 66 -80 145
480049 22 66 -80 139
480264 23 66 -80 139
480479 24 66 -80 139
480694 25 66 -80 139
480910 26 66 -80 139
481125 27 66 -80 140
481348 28 66 -80 140
481571 30 66 -80 140
481785 31 66 -80 140
481995 32 66 -80 140
482205 33 66 -80 133
482414 34 66 -80 133
482623 35 66 -80 133
482834 36 66 -80 133
483043 37 66 -80 67
483252 38 66 -80 67
483461 39 66 -80 67
483675 1 67 -80 67
483889 2 67 -80 67
484105 3 67 -80 24
484320 4 67 -80 24
484536 5 67 -80 24
484751 6 67 -80 24
484966 7 67 -80 24
485181 8 67 -80 146
485406 9 67 -80 146
485621 10 67 -80 146
485836 11 67 -80 146
486052 12 67 -80 157
486267 13 67 -80 157
486483 14 67 -80 157
486700 15 67 -80 157
486916 16 67 -80 157
487132 17 67 -80 163
487348 18 67 -80 163
487566 19 67 -80 163
487783 20 67 -80 163
487998 21 67 -80 163
488213 22 67 -80 164
488428 23 67 -80 164
488643 24 67 -80 164
488858 25 67 -80 164
489081 26 67 -80 157
489297 27 67 -80 157
489513 28 67 -80 157
489730 29 67 -80 157
489946 30 67 -80 157
490162 31 67 -80 163
490378 32 67 -80 163
490602 34 67 -80 163
490815 35 67 -80 163
491025 36 67 -80 151
491234 37 67 -80 151
491445 38 67 -80 151
491654 39 67 -80 151
491863 40 67 -80 151
492072 41 67 -80 85
492281 42 67 -80 85
492490 43 67 -80 85
492704 1 68 -80 85
492918 2 68 -80 85
493142 3 68 -80 30
493357 4 68 -80 30
493572 5 68 -80 30
493788 6 68 -80 30
494003 7 68 -80 145
494219 8 68 -80 145
494435 9 68 -80 145
494650 10 68 -80 145
494868 11 68 -80 145
495083 12 68 -80 158
495298 13 68 -80 158
495515 14 68 -80 158
495731 15 68 -80 158
495946 16 68 -80 158
496161 17 68 -80 163
496376 18 68 -80 163
496591 19 68 -80 163
496806 20 68 -80 163
497029 21 68 -80 163
497244 22 68 -80 163
497459 23 68 -80 163
497675 24 68 -80 163
497892 25 68 -80 163
498108 26 68 -80 157
498324 27 68 -80 157
498548 29 68 -80 157
498761 30 68 -80 157
498971 31 68 -80 157
499180 32 68 -80 151
499389 33 68 -80 151
499598 34 68 -80 151
499807 35 68 -80 151
500016 36 68 -80 85
500225 37 68 -80 85
500434 38 68 -80 85
500648 1 69 -80 85
500863 2 69 -80 85
501085 3 69 -80 30
501300 4 69 -80 30
501516 5 69 -80 30
501732 6 69 -80 30
501947 7 69 -80 30
502163 8 69 -80 133
502378 9 69 -80 133
502594 10 69 -80 133
502809 11 69 -80 133
503024 12 69 -80 151
503239 13 69 -80 151
503455 14 69 -80 151
503670 15 69 -80 151
503886 16 69 -80 151
504103 17 69 -80 151
504318 18 69 -80 151
504533 19 69 -80 151
504756 20 69 -80 151
504973 21 69 -80 151
505188 22 69 -80 151
505412 24 69 -80 151
505627 25 69 -80 151
505836 26 69 -80 151
506045 27 69 -80 133
506254 28 69 -80 133
506463 29 69 -80 133
506672 30 69 -80 133
506881 31 69 -80 133
507090 32 69 -80 61
507299 33 69 -80 61
507512 1 70 -80 61
507728 2 70 -80 61
507943 3 70 -80 61
508158 4 70 -80 49
508373 5 70 -80 49
508588 6 70 -80 49
508811 7 70 -80 49
509026 8 70 -80 139
509241 9 70 -80 139
509456 10 70 -80 139
509671 11 70 -80 139
509886 12 70 -80 139
510102 13 70 -80 151
510317 14 70 -80 151
510533 15 70 -80 151
510748 16 70 -80 151
510964 17 70 -80 151
511180 18 70 -80 151
511394 19 70 -80 151
511609 20 70 -80 151
511825 21 70 -80 151
512041 22 70 -80 151
512256 23 70 -80 151
512488 25 70 -80 151
512702 26 70 -80 151
512911 27 70 -80 151
513120 28 70 -80 139
513329 29 70 -80 139
513538 30 70 -80 139
513747 31 70 -80 139
513956 32 70 -80 139
514165 33 70 -80 61
514374 34 70 -80 61
514588 1 71 -80 61
514803 2 71 -80 61
515018 3 71 -80 43
515233 4 71 -80 43
515448 5 71 -80 43
515664 6 71 -80 43
515881 7 71 -80 43
516097 8 71 -80 151
516313 9 71 -80 151
516536 10 71 -80 151
516751 11 71 -80 151
516968 12 71 -80 151
517183 13 71 -80 169
517398 14 71 -80 169
517613 15 71 -80 169
517828 16 71 -80 169
518045 17 71 -80 169
518261 18 71 -80 169
518476 19 71 -80 169
518691 20 71 -80 169
518906 21 71 -80 169
519121 22 71 -80 169
519337 23 71 -80 169
519560 25 71 -80 169
519773 26 71 -80 169
519982 27 71 -80 169
520199 28 71 -80 157
520408 29 71 -80 157
520617 30 71 -80 157
520826 31 71 -80 157
521037 32 71 -80 85
521246 33 71 -80 85
521455 34 71 -80 85
521669 1 72 -80 85
521884 2 72 -80 85
522099 3 72 -80 37
522314 4 72 -80 37
522530 5 72 -80 37
522745 6 72 -80 37
522960 7 72 -80 37
523175 8 72 -80 157
523390 9 72 -80 157
523605 10 72 -80 157
523822 11 72 -80 157
524037 12 72 -80 169
524260 13 72 -80 169
524475 14 72 -80 169
524690 15 72 -80 169
524907 16 72 -80 169
525122 17 72 -80 163
525337 18 72 -80 163
525552 19 72 -80 163
525767 20 72 -80 163
525984 21 72 -80 163
526201 22 72 -80 169
526424 24 72 -80 169
526638 25 72 -80 169
526847 26 72 -80 169
527056 27 72 -80 157
527265 28 72 -80 157
527475 29 72 -80 157
527684 30 72 -80 157
527893 31 72 -80 157
528102 32 72 -80 73
528319 33 72 -80 73
528533 1 73 -80 73
528748 2 73 -80 73
528963 3 73 -80 73
529179 4 73 -80 43
529394 5 73 -80 43
529609 6 73 -80 43
529824 7 73 -80 43
530039 8 73 -80 152
530255 9 73 -80 152
530470 10 73 -80 152
530685 11 73 -80 152
530901 12 73 -80 152
531117 13 73 -80 157
531333 14 73 -80 157
531548 15 73 -80 157
531763 16 73 -80 157
531980 17 73 -80 157
532195 18 73 -80 163
532410 19 73 -80 163
532624 20 73 -80 163
532840 21 73 -80 163
533055 22 73 -80 157
533272 23 73 -80 157
533487 24 73 -80 157
533703 25 73 -80 157
533919 26 73 -80 157
534135 27 73 -80 162
534349 28 73 -80 162
534573 30 73 -80 162
534787 31 73 -80 162
534997 32 73 -80 162
535207 33 73 -80 151
535416 34 73 -80 151
535625 35 73 -80 151
535834 36 73 -80 151
536043 37 73 -80 79
536252 38 73 -80 79
536461 39 73 -80 79
536675 1 74 -80 79
536890 2 74 -80 79
537105 3 74 -80 24
537320 4 74 -80 24
537534 5 74 -80 24
537751 6 74 -80 24
537967 7 74 -80 24
538182 8 74 -80 145
538398 9 74 -80 145
538614 10 74 -80 145
538829 11 74 -80 145
539044 12 74 -80 163
539259 13 74 -80 163
539475 14 74 -80 163
539699 15 74 -80 163
539916 16 74 -80 163
540132 17 74 -80 158
540349 18 74 -80 158
540563 19 74 -80 158
540780 20 74 -80 158
540997 21 74 -80 158
541212 22 74 -80 164
541427 23 74 -80 164
541642 24 74 -80 164
541858 25 74 -80 164
542074 26 74 -80 157
542290 27 74 -80 157
542506 28 74 -80 157
542721 29 74 -80 157
542937 30 74 -80 157
543152 31 74 -80 163
543375 32 74 -80 163
543598 34 74 -80 163
543812 35 74 -80 163
544021 36 74 -80 151
544230 37 74 -80 151
544439 38 74 -80 151
544649 39 74 -80 151
544859 40 74 -80 151
545068 41 74 -80 79
545277 42 74 -80 79
545486 43 74 -80 79
545700 1 75 -80 79
545915 2 75 -80 79
546130 3 75 -80 30
546346 4 75 -80 30
546561 5 75 -80 30
546776 6 75 -80 30
546991 7 75 -80 30
547206 8 75 -80 134
547429 9 75 -80 134
547644 10 75 -80 134
547859 11 75 -80 134
548074 12 75 -80 43
548289 13 75 -80 43
548504 14 75 -80 43
548719 15 75 -80 43
548934 16 75 -80 43
549149 17 75 -80 100
549364 18 75 -80 100
549579 19 75 -80 100
549794 20 75 -80 100
550009 21 75 -80 100
550225 22 75 -80 100
550442 23 75 -80 100
550659 24 75 -80 100
550874 25 75 -80 100
551098 26 75 -80 151
551315 27 75 -80 151
551529 28 75 -80 151
551745 29 75 -80 151
551961 30 75 -80 151
552176 31 75 -80 175
552400 33 75 -80 175
552613 34 75 -80 175
552823 35 75 -80 175
553032 36 75 -80 157
553241 37 75 -80 157
553450 38 75 -80 157
553659 39 75 -80 157
553868 40 75 -80 157
554077 41 75 -80 79
554286 42 75 -80 79
554500 1 76 -80 79
554715 2 76 -80 79
554930 3 76 -80 79
555153 4 76 -80 55
555369 5 76 -80 55
555584 6 76 -80 55
555799 7 76 -80 55
556016 8 76 -80 169
556231 9 76 -80 169
556447 10 76 -80 169
556662 11 76 -80 169
556877 12 76 -80 169
557094 13 76 -80 175
557309 14 76 -80 175
557525 15 76 -80 175
557740 16 76 -80 175
557955 17 76 -80 175
558171 18 76 -80 175
558386 19 76 -80 175
558602 20 76 -80 175
558817 21 76 -80 175
559041 22 76 -80 175
559256 23 76 -80 175
559480 25 76 -80 175
559693 26 76 -80 175
559903 27 76 -80 175
560112 28 76 -80 169
560321 29 76 -80 169
560530 30 76 -80 169
560739 31 76 -80 169
560948 32 76 -80 169
561157 33 76 -80 85
561366 34 76 -80 85
561580 1 77 -80 85
561795 2 77 -80 85
562009 3 77 -80 43
562225 4 77 -80 43
562441 5 77 -80 43
562657 6 77 -80 43
562872 7 77 -80 43
563095 8 77 -80 157
563310 9 77 -80 157
563525 10 77 -80 157
563740 11 77 -80 157
563957 12 77 -80 157
564172 13 77 -80 169
564387 14 77 -80 169
564602 15 77 -80 169
564817 16 77 -80 169
565034 17 77 -80 169
565250 18 77 -80 169
565465 19 77 -80 169
565680 20 77 -80 169
565895 21 77 -80 169
566110 22 77 -80 170
566328 23 77 -80 170
566543 24 77 -80 170
566766 25 77 -80 170
566981 26 77 -80 170
567198 27 77 -80 169
567413 28 77 -80 169
567628 29 77 -80 169
567843 30 77 -80 169
568058 31 77 -80 169
568273 32 77 -80 169
568498 34 77 -80 169
568711 35 77 -80 169
568920 36 77 -80 169
569129 37 77 -80 157
569338 38 77 -80 157
569547 39 77 -80 157
569756 40 77 -80 157
569965 41 77 -80 157
570174 42 77 -80 79
570383 43 77 -80 79
570597 1 78 -80 79
570821 2 78 -80 79
571036 3 78 -80 43
571253 4 78 -80 43
571468 5 78 -80 43
571684 6 78 -80 43
571900 7 78 -80 43
572116 8 78 -80 157
572332 9 78 -80 157
572547 10 78 -80 157
572762 11 78 -80 157
572977 12 78 -80 157
573192 13 78 -80 163
573409 14 78 -80 163
573625 15 78 -80 163
573840 16 78 -80 163
574055 17 78 -80 169
574270 18 78 -80 169
574495 19 78 -80 169
574710 20 78 -80 169
574925 21 78 -80 169
575140 22 78 -80 175
575357 23 78 -80 175
575573 24 78 -80 175
575788 25 78 -80 175
576003 26 78 -80 170
576219 27 78 -80 170
576434 28 78 -80 170
576652 29 78 -80 170
576867 30 78 -80 170
577082 31 78 -80 169
577297 32 78 -80 169
577521 34 78 -80 169
577735 35 78 -80 169
577944 36 78 -80 169
578153 37 78 -80 157
578362 38 78 -80 157
578571 39 78 -80 157
578780 40 78 -80 157
578989 41 78 -80 157
579198 42 78 -80 85
579407 43 78 -80 85
579621 1 79 -80 85
579836 2 79 -80 85
580052 3 79 -80 67
580267 4 79 -80 67
580483 5 79 -80 67
580698 6 79 -80 67
580914 7 79 -80 67
581129 8 79 -80 175
581345 9 79 -80 175
581559 10 79 -80 175
581775 11 79 -80 175
581991 12 79 -80 175
582215 13 79 -80 187
582430 14 79 -80 187
582645 15 79 -80 187
582861 16 79 -80 187
583076 17 79 -80 186
583293 18 79 -80 186
583508 19 79 -80 186
583723 20 79 -80 186
583939 21 79 -80 186
584155 22 79 -80 186
584370 23 79 -80 186
584594 25 79 -80 186
584808 26 79 -80 186
585017 27 79 -80 181
585226 28 79 -80 181
585435 29 79 -80 181
585644 30 79 -80 181
585853 31 79 -80 181
586062 32 79 -80 103
586271 33 79 -80 103
586480 34 79 -80 103
586694 1 80 -80 103
586909 2 80 -80 103
587125 3 80 -80 55
587339 4 80 -80 55
587555 5 80 -80 55
587771 6 80 -80 55
587985 7 80 -80 55
588201 8 80 -80 169
588417 9 80 -80 169
588633 10 80 -80 169
588848 11 80 -80 169
589064 12 80 -80 181
589281 13 80 -80 181
589496 14 80 -80 181
589712 15 80 -80 181
589936 16 80 -80 181
590151 17 80 -80 187
590366 18 80 -80 187
590582 19 80 -80 187
590797 20 80 -80 187
591013 21 80 -80 187
591230 22 80 -80 187
591445 23 80 -80 187
591661 24 80 -80 187
591876 25 80 -80 187
592092 26 80 -80 187
592308 27 80 -80 187
592531 29 80 -80 187
592745 30 80 -80 187
592955 31 80 -80 187
593164 32 80 -80 180
593374 33 80 -80 180
593584 34 80 -80 180
593801 35 80 -80 180
594011 36 80 -80 103
594220 37 80 -80 103
594429 38 80 -80 103
594643 1 81 -80 103
594858 2 81 -80 103
595073 3 81 -80 49
595288 4 81 -80 49
595503 5 81 -80 49
595718 6 81 -80 49
595933 7 81 -80 49
596150 8 81 -80 163
596365 9 81 -80 163
596581 10 81 -80 163
596796 11 81 -80 163
597012 12 81 -80 175
597227 13 81 -80 175
597442 14 81 -80 175
597666 15 81 -80 175
597882 16 81 -80 175
598097 17 81 -80 181
598313 18 81 -80 181
598528 19 81 -80 181
598745 20 81 -80 181
598960 21 81 -80 181
599175 22 81 -80 176
599391 23 81 -80 176
599606 24 81 -80 176
599823 25 81 -80 176
600038 26 81 -80 175
600254 27 81 -80 175
600477 29 81 -80 175
600692 30 81 -80 175
600901 31 81 -80 175
601110 32 81 -80 169
601319 33 81 -80 169
601536 34 81 -80 169
601745 35 81 -80 169
601954 36 81 -80 169
602164 37 81 -80 85
602373 38 81 -80 85
602587 1 82 -80 85
602803 2 82 -80 85
603018 3 82 -80 55
603233 4 82 -80 55
603448 5 82 -80 55
603663 6 82 -80 55
603878 7 82 -80 55
604094 8 82 -80 163
604309 9 82 -80 163
604525 10 82 -80 163
604740 11 82 -80 163
604955 12 82 -80 163
605171 13 82 -80 180
605386 14 82 -80 180
605602 15 82 -80 180
605817 16 82 -80 180
606033 17 82 -80 175
606248 18 82 -80 175
606465 19 82 -80 175
606679 20 82 -80 175
606897 21 82 -80 175
607112 22 82 -80 175
607328 23 82 -80 175
607551 25 82 -80 175
607765 26 82 -80 175
607974 27 82 -80 175
608183 28 82 -80 169
608392 29 82 -80 169
608601 30 82 -80 169
608810 31 82 -80 169
609019 32 82 -80 98
609229 33 82 -80 98
609446 34 82 -80 98
609660 1 83 -80 98
609875 2 83 -80 98
610090 3 83 -80 49
610305 4 83 -80 49
610521 5 83 -80 49
610737 6 83 -80 49
610952 7 83 -80 49
611170 8 83 -80 175
611386 9 83 -80 175
611602 10 83 -80 175
611817 11 83 -80 175
612033 12 83 -80 199
612248 13 83 -80 199
612463 14 83 -80 199
612678 15 83 -80 199
612893 16 83 -80 199
613115 17 83 -80 193
613333 18 83 -80 193
613549 19 83 -80 193
613764 20 83 -80 193
613980 21 83 -80 193
614195 22 83 -80 193
614418 24 83 -80 193
614632 25 83 -80 193
614841 26 83 -80 193
615050 27 83 -80 180
615259 28 83 -80 180
615468 29 83 -80 180
615677 30 83 -80 180
615886 31 83 -80 180
616095 32 83 -80 97
616304 33 83 -80 97
616518 1 84 -80 97
616733 2 84 -80 97
616948 3 84 -80 97
617173 4 84 -80 73
617388 5 84 -80 73
617605 6 84 -80 73
617821 7 84 -80 73
618036 8 84 -80 186
618253 9 84 -80 186
618470 10 84 -80 186
618685 11 84 -80 186
618900 12 84 -80 186
619115 13 84 -80 198
619330 14 84 -80 198
619545 15 84 -80 198
619760 16 84 -80 198
619975 17 84 -80 198
620192 18 84 -80 192
620408 19 84 -80 192
620624 20 84 -80 192
620846 21 84 -80 192
621062 22 84 -80 198
621277 23 84 -80 198
621502 25 84 -80 198
621716 26 84 -80 198
621925 27 84 -80 198
622136 28 84 -80 181
622345 29 84 -80 181
622555 30 84 -80 181
622764 31 84 -80 181
622973 32 84 -80 181
623182 33 84 -80 103
623391 34 84 -80 103
623605 1 85 -80 103
623820 2 85 -80 103
624036 3 85 -80 61
624252 4 85 -80 61
624467 5 85 -80 61
624683 6 85 -80 61
624905 7 85 -80 61
625122 8 85 -80 175
625338 9 85 -80 175
625553 10 85 -80 175
625769 11 85 -80 175
625985 12 85 -80 175
626200 13 85 -80 187
626415 14 85 -80 187
626630 15 85 -80 187
626846 16 85 -80 187
627061 17 85 -80 186
627277 18 85 -80 186
627493 19 85 -80 186
627708 20 85 -80 186
627924 21 85 -80 186
628139 22 85 -80 187
628355 23 85 -80 187
628588 25 85 -80 187
628801 26 85 -80 187
629010 27 85 -80 181
629219 28 85 -80 181
629428 29 85 -80 181
629637 30 85 -80 181
629846 31 85 -80 181
630055 32 85 -80 103
630264 33 85 -80 103
630473 34 85 -80 103
630687 1 86 -80 103
630902 2 86 -80 103
631118 3 86 -80 55
631333 4 86 -80 55
631550 5 86 -80 55
631765 6 86 -80 55
631980 7 86 -80 55
632196 8 86 -80 169
632411 9 86 -80 169
632627 10 86 -80 169
632851 11 86 -80 169
633067 12 86 -80 187
633282 13 86 -80 187
633498 14 86 -80 187
633713 15 86 -80 187
633929 16 86 -80 187
634144 17 86 -80 187
634359 18 86 -80 187
634575 19 86 -80 187
634790 20 86 -80 187
635006 21 86 -80 186
635222 22 86 -80 186
635445 24 86 -80 186
635660 25 86 -80 186
635870 26 86 -80 186
636079 27 86 -80 175
636288 28 86 -80 175
636505 29 86 -80 175
636714 30 86 -80 175
636923 31 86 -80 175
637132 32 86 -80 97
637341 33 86 -80 97
637555 1 87 -80 97
637770 2 87 -80 97
637985 3 87 -80 97
638202 4 87 -80 61
638417 5 87 -80 61
638633 6 87 -80 61
638850 7 87 -80 61
639066 8 87 -80 192
639281 9 87 -80 192
639496 10 87 -80 192
639711 11 87 -80 192
639927 12 87 -80 192
640142 13 87 -80 198
640357 14 87 -80 198
640581 15 87 -80 198
640797 16 87 -80 198
641012 17 87 -80 198
641229 18 87 -80 198
641444 19 87 -80 198
641659 20 87 -80 198
641874 21 87 -80 198
642091 22 87 -80 198
642306 23 87 -80 198
642529 25 87 -80 198
642744 26 87 -80 198
642954 27 87 -80 198
643164 28 87 -80 187
643373 29 87 -80 187
643582 30 87 -80 187
643791 31 87 -80 187
644001 32 87 -80 187
644210 33 87 -80 109
644419 34 87 -80 109
644641 1 88 -80 109
644857 2 88 -80 109
645072 3 88 -80 61
645289 4 88 -80 61
645504 5 88 -80 61
645720 6 88 -80 61
645936 7 88 -80 61
646153 8 88 -80 187
646368 9 88 -80 187
646583 10 88 -80 187
646799 11 88 -80 187
647014 12 88 -80 205
647229 13 88 -80 205
647445 14 88 -80 205
647660 15 88 -80 205
647875 16 88 -80 205
648090 17 88 -80 198
648313 18 88 -80 198
648528 19 88 -80 198
648744 20 88 -80 198
648959 21 88 -80 198
649174 22 88 -80 198
649398 24 88 -80 198
649611 25 88 -80 198
649820 26 88 -80 198
650029 27 88 -80 186
650239 28 88 -80 186
650448 29 88 -80 186
650657 30 88 -80 186
650866 31 88 -80 186
651075 32 88 -80 104
651284 33 88 -80 104
651498 1 89 -80 104
651713 2 89 -80 104
651928 3 89 -80 104
652143 4 89 -80 73
652366 5 89 -80 73
652582 6 89 -80 73
652798 7 89 -80 73
653014 8 89 -80 187
653229 9 89 -80 187
653445 10 89 -80 187
653661 11 89 -80 187
653876 12 89 -80 187
654092 13 89 -80 180
654307 14 89 -80 180
654523 15 89 -80 180
654739 16 89 -80 180
654955 17 89 -80 180
655171 18 89 -80 193
655386 19 89 -80 193
655601 20 89 -80 193
655816 21 89 -80 193
656040 22 89 -80 192
656255 23 89 -80 192
656470 24 89 -80 192
656686 25 89 -80 192
656901 26 89 -80 192
657116 27 89 -80 192
657331 28 89 -80 192
657554 30 89 -80 192
657768 31 89 -80 192
657977 32 89 -80 192
658186 33 89 -80 186
658395 34 89 -80 186
658604 35 89 -80 186
658813 36 89 -80 186
659022 37 89 -80 109
659231 38 89 -80 109
659440 39 89 -80 109
659654 1 90 -80 109
659869 2 90 -80 109
660093 3 90 -80 79
660308 4 90 -80 79
660524 5 90 -80 79
660739 6 90 -80 79
660955 7 90 -80 79
661172 8 90 -80 175
661388 9 90 -80 175
661604 10 90 -80 175
661819 11 90 -80 175
662034 12 90 -80 198
662248 13 90 -80 198
662464 14 90 -80 198
662680 15 90 -80 198
662896 16 90 -80 198
663112 17 90 -80 192
663327 18 90 -80 192
663542 19 90 -80 192
663757 20 90 -80 192
663972 21 90 -80 192
664188 22 90 -80 198
664414 24 90 -80 198
664628 25 90 -80 198
664837 26 90 -80 198
665046 27 90 -80 180
665255 28 90 -80 180
665464 29 90 -80 180
665673 30 90 -80 180
665882 31 90 -80 180
666091 32 90 -80 97
666300 33 90 -80 97
666514 1 91 -80 97
666729 2 91 -80 97
666945 3 91 -80 97
667161 4 91 -80 67
667376 5 91 -80 67
667592 6 91 -80 67
667807 7 91 -80 67
668023 8 91 -80 180
668238 9 91 -80 180
668454 10 91 -80 180
668670 11 91 -80 180
668885 12 91 -80 180
669101 13 91 -80 186
669317 14 91 -80 186
669532 15 91 -80 186
669748 16 91 -80 186
669964 17 91 -80 186
670180 18 91 -80 186
670396 19 91 -80 186
670611 20 91 -80 186
670826 21 91 -80 186
671042 22 91 -80 186
671258 23 91 -80 186
671484 25 91 -80 186
671697 26 91 -80 186
671906 27 91 -80 186
672115 28 91 -80 174
672324 29 91 -80 174
672533 30 91 -80 174
672742 31 91 -80 174
672951 32 91 -80 174
673160 33 91 -80 97
673369 34 91 -80 97
673583 1 92 -80 97
673798 2 92 -80 97
674014 3 92 -80 55
674229 4 92 -80 55
674445 5 92 -80 55
674660 6 92 -80 55
674876 7 92 -80 55
675092 8 92 -80 175
675307 9 92 -80 175
675524 10 92 -80 175
675739 11 92 -80 175
675954 12 92 -80 175
676170 13 92 -80 186
676385 14 92 -80 186
676601 15 92 -80 186
676817 16 92 -80 186
677032 17 92 -80 186
677249 18 92 -80 186
677464 19 92 -80 186
677681 20 92 -80 186
677897 21 92 -80 186
678112 22 92 -80 186
678327 23 92 -80 186
678551 25 92 -80 186
678764 26 92 -80 186
678974 27 92 -80 186
679183 28 92 -80 180
679401 29 92 -80 180
679611 30 92 -80 180
679820 31 92 -80 180
680029 32 92 -80 103
680238 33 92 -80 103
680447 34 92 -80 103
680662 1 93 -80 103
680877 2 93 -80 103
681092 3 93 -80 55
681308 4 93 -80 55
681523 5 93 -80 55
681740 6 93 -80 55
681955 7 93 -80 55
682170 8 93 -80 186
682386 9 93 -80 186
682601 10 93 -80 186
682818 11 93 -80 186
683034 12 93 -80 204
683257 13 93 -80 204
683473 14 93 -80 204
683690 15 93 -80 204
683905 16 93 -80 204
684120 17 93 -80 204
684337 18 93 -80 204
684552 19 93 -80 204
684768 20 93 -80 204
684983 21 93 -80 204
685200 22 93 -80 210
685415 23 93 -80 210
685631 24 93 -80 210
685846 25 93 -80 210
686061 26 93 -80 204
686276 27 93 -80 204
686491 28 93 -80 204
686707 29 93 -80 204
686930 30 93 -80 204
687147 31 93 -80 203
687362 32 93 -80 203
687586 34 93 -80 203
687799 35 93 -80 203
688008 36 93 -80 192
688217 37 93 -80 192
688426 38 93 -80 192
688635 39 93 -80 192
688844 40 93 -80 192
689053 41 93 -80 121
689262 42 93 -80 121
689471 43 93 -80 121
689685 1 94 -80 121
689899 2 94 -80 121
690115 3 94 -80 67
690331 4 94 -80 67
690547 5 94 -80 67
690762 6 94 -80 67
690984 7 94 -80 67
691201 8 94 -80 186
691416 9 94 -80 186
691631 10 94 -80 186
691848 11 94 -80 186
692063 12 94 -80 198
692278 13 94 -80 198
692493 14 94 -80 198
692709 15 94 -80 198
692924 16 94 -80 198
693139 17 94 -80 204
693356 18 94 -80 204
693571 19 94 -80 204
693786 20 94 -80 204
694002 21 94 -80 204
694217 22 94 -80 204
694432 23 94 -80 204
694649 24 94 -80 204
694872 25 94 -80 204
695087 26 94 -80 198
695304 27 94 -80 198
695527 29 94 -80 198
695741 30 94 -80 198
695950 31 94 -80 198
696160 32 94 -80 192
696369 33 94 -80 192
696579 34 94 -80 192
696789 35 94 -80 192
696998 36 94 -80 192
697207 37 94 -80 115
697416 38 94 -80 115
697630 1 95 -80 115
697845 2 95 -80 115
698061 3 95 -80 61
698276 4 95 -80 61
698492 5 95 -80 61
698707 6 95 -80 61
698930 7 95 -80 61
699145 8 95 -80 180
699360 9 95 -80 180
699575 10 95 -80 180
699790 11 95 -80 180
700005 12 95 -80 192
700220 13 95 -80 192
700434 14 95 -80 192
700650 15 95 -80 192
700865 16 95 -80 192
701079 17 95 -80 192
701295 18 95 -80 192
701510 19 95 -80 192
701725 20 95 -80 192
701940 21 95 -80 192
702155 22 95 -80 198
702370 23 95 -80 198
702593 24 95 -80 198
702808 25 95 -80 198
703023 26 95 -80 192
703239 27 95 -80 192
703455 28 95 -80 192
703671 29 95 -80 192
703887 30 95 -80 192
704103 31 95 -80 198
704319 32 95 -80 198
704544 34 95 -80 198
704757 35 95 -80 198
704968 36 95 -80 198
705177 37 95 -80 180
705387 38 95 -80 180
705596 39 95 -80 180
705805 40 95 -80 180
706014 41 95 -80 109
706223 42 95 -80 109
706433 43 95 -80 109
706655 1 96 -80 109
706870 2 96 -80 109
707085 3 96 -80 67
707300 4 96 -80 67
707516 5 96 -80 67
707731 6 96 -80 67
707947 7 96 -80 67
708163 8 96 -80 180
708379 9 96 -80 180
708595 10 96 -80 180
708811 11 96 -80 180
709027 12 96 -80 192
709242 13 96 -80 192
709458 14 96 -80 192
709673 15 96 -80 192
709888 16 96 -80 192
710103 17 96 -80 192
710326 18 96 -80 192
710542 19 96 -80 192
710758 20 96 -80 192
710974 21 96 -80 192
711190 22 96 -80 198
711407 23 96 -80 198
711623 24 96 -80 198
711839 25 96 -80 198
712054 26 96 -80 192
712269 27 96 -80 192
712484 28 96 -80 192
712699 29 96 -80 192
712913 30 96 -80 192
713129 31 96 -80 192
713344 32 96 -80 192
713567 34 96 -80 192
713781 35 96 -80 192
713999 36 96 -80 192
714209 37 96 -80 186
714419 38 96 -80 186
714628 39 96 -80 186
714837 40 96 -80 186
715046 41 96 -80 115
715255 42 96 -80 115
715464 43 96 -80 115
715678 1 97 -80 115
715893 2 97 -80 115
716108 3 97 -80 61
716324 4 97 -80 61
716540 5 97 -80 61
716755 6 97 -80 61
716970 7 97 -80 61
717186 8 97 -80 192
717401 9 97 -80 192
717617 10 97 -80 192
717832 11 97 -80 192
718056 12 97 -80 204
718272 13 97 -80 204
718487 14 97 -80 204
718703 15 97 -80 204
718918 16 97 -80 204
719135 17 97 -80 210
719351 18 97 -80 210
719566 19 97 -80 210
719782 20 97 -80 210
719997 21 97 -80 210
720213 22 97 -80 210
720428 23 97 -80 210
720644 24 97 -80 210
720860 25 97 -80 210
721075 26 97 -80 209
721291 27 97 -80 209
721515 29 97 -80 209
721736 30 97 -80 209
721945 31 97 -80 209
722155 32 97 -80 198
722364 33 97 -80 198
722573 34 97 -80 198
722782 35 97 -80 198
722991 36 97 -80 198
723200 37 97 -80 115
723409 38 97 -80 115
723623 1 98 -80 115
723838 2 98 -80 115
724053 3 98 -80 73
724269 4 98 -80 73
724484 5 98 -80 73
724699 6 98 -80 73
724915 7 98 -80 73
725130 8 98 -80 198
725346 9 98 -80 198
725561 10 98 -80 198
725785 11 98 -80 198
726000 12 98 -80 198
726216 13 98 -80 210
726432 14 98 -80 210
726647 15 98 -80 210
726863 16 98 -80 210
727078 17 98 -80 204
727294 18 98 -80 204
727509 19 98 -80 204
727725 20 98 -80 204
727940 21 98 -80 204
728156 22 98 -80 210
728371 23 98 -80 210
728595 25 98 -80 210
728809 26 98 -80 210
729019 27 98 -80 198
729228 28 98 -80 198
729437 29 98 -80 198
729655 30 98 -80 198
729864 31 98 -80 198
730073 32 98 -80 127
730282 33 98 -80 127
730491 34 98 -80 127
730705 1 99 -80 127
730920 2 99 -80 127
731135 3 99 -80 61
731350 4 99 -80 61
731565 5 99 -80 61
731780 6 99 -80 61
731995 7 99 -80 61
732212 8 99 -80 186
732427 9 99 -80 186
732642 10 99 -80 186
732859 11 99 -80 186
733074 12 99 -80 204
733289 13 99 -80 204
733506 14 99 -80 204
733721 15 99 -80 204
733936 16 99 -80 204
734154 17 99 -80 198
734369 18 99 -80 198
734586 19 99 -80 198
734801 20 99 -80 198
735016 21 99 -80 204
735233 22 99 -80 204
735456 24 99 -80 204
735670 25 99 -80 204
735880 26 99 -80 204
736089 27 99 -80 192
736298 28 99 -80 192
736507 29 99 -80 192
736716 30 99 -80 192
736925 31 99 -80 192
737134 32 99 -80 109
737343 33 99 -80 109
